139
KU248124.1_Amanita_albocreata_voucher_RET_031-5_18S_ribosomal_RNA_gene                                   0.0000000 0.0014325 0.0014325 0.0000010 0.0474255 0.0491558 0.0470463 0.0660792 0.0233204 0.0200855 0.0221398 0.0340388 0.0357496 0.0396794 0.0440161 0.0800873 0.0429187 0.0445573 0.0428185 0.0428185 0.0447364 0.0428124 0.0428124 0.0488505 0.0449652 0.0449652 0.0448773 0.0447264 0.0940068 0.0757573 0.2042717 0.2468237 0.2353091 0.2438466 0.2153796 0.2249346 0.0341159 0.0440518 0.0435253 0.0423626 0.0435899 0.0429335 0.2132941 0.0121158 0.0329190 0.0330332 0.0311974 0.0345745 0.0312077 0.0349797 0.0349797 0.0366682 0.0366682 0.0349797 0.0366682 0.3405338 0.0427224 0.0508411 0.0508411 0.0429741 0.0486874 0.0427224 0.0428056 0.0470425 0.0414142 0.4647283 0.4411476 0.4406695 0.0411991 0.0313340 0.0179460 0.0163094 0.0167665 0.0228118 0.0247872 0.0272455 0.0102641 0.0305152 0.1690015 0.1648643 0.1670727 0.0402817 0.0382670 0.0382670 0.6877222 0.0371107 0.0859455 0.0840392 0.0988205 0.0820235 0.0892076 0.0842015 0.0940013 0.0862623 0.0851761 0.0912671 0.0851761 0.0519901 0.1662602 0.1537493 0.1735691 0.1637730 0.0320621 0.0320621 0.0320621 0.0791970 0.0777494 0.0829407 0.0784341 0.0768656 0.0911831 0.0269598 0.0247330 0.0263562 0.1673543 0.1602255 0.1561684 0.1645238 0.0584548 0.0548239 0.0541008 0.0333824 0.0284623 0.0234219 0.1777583 0.1713268 0.1351895 0.1274497 0.1276764 0.0620717 0.0620717 0.0403659 0.0405508 0.0593037 0.0613470 0.0613470 0.0663151 0.6234641 0.5934578 
KU248125.1_Amanita_albocreata_voucher_RET_329-10_18S_ribosomal_RNA_gene                                  0.0014325 0.0000000 0.0000010 0.0014513 0.0454014 0.0471234 0.0450415 0.0637820 0.0213940 0.0184418 0.0204468 0.0322415 0.0337576 0.0379550 0.0419195 0.0729647 0.0408795 0.0425233 0.0407924 0.0407924 0.0426932 0.0407866 0.0407866 0.0467617 0.0429110 0.0429110 0.0428275 0.0426837 0.0917389 0.0735129 0.2034657 0.2478577 0.2361945 0.2447855 0.2180819 0.2278244 0.0320131 0.0421878 0.0416156 0.0405097 0.0416770 0.0410528 0.2118715 0.0103422 0.0311854 0.0312929 0.0294802 0.0328279 0.0294905 0.0332100 0.0332100 0.0348858 0.0348858 0.0332100 0.0348858 0.3494154 0.0407008 0.0487334 0.0487334 0.0409398 0.0466058 0.0407008 0.0407796 0.0469028 0.0394612 0.4578694 0.4346241 0.4341235 0.0436219 0.0277199 0.0162772 0.0147958 0.0152096 0.0227642 0.0247353 0.0255036 0.0102641 0.0286545 0.1685347 0.1651176 0.1666833 0.0383039 0.0363137 0.0363137 0.7005819 0.0331038 0.0836645 0.0819276 0.0984594 0.0797711 0.0869473 0.0819276 0.0914605 0.0838717 0.0829195 0.0888149 0.0829195 0.0518917 0.1627521 0.1506191 0.1700145 0.1603324 0.0302944 0.0302944 0.0302944 0.0770401 0.0755929 0.0826760 0.0760398 0.0744738 0.0908643 0.0251298 0.0230646 0.0246750 0.1639721 0.1569382 0.1529404 0.1610724 0.0563474 0.0528651 0.0521724 0.0310748 0.0266353 0.0217431 0.1780215 0.1715779 0.1323025 0.1247678 0.1249887 0.0598228 0.0598228 0.0382935 0.0384672 0.0572089 0.0592374 0.0592374 0.0641483 0.6308523 0.6006393 
KU248126.1_Amanita_albocreata_voucher_RET_417-4_18S_ribosomal_RNA_gene                                   0.0014325 0.0000010 0.0000000 0.0014513 0.0454014 0.0471234 0.0450415 0.0637820 0.0213940 0.0184418 0.0204468 0.0322415 0.0337576 0.0379550 0.0419195 0.0729647 0.0408795 0.0425233 0.0407924 0.0407924 0.0426932 0.0407866 0.0407866 0.0467617 0.0429110 0.0429110 0.0428275 0.0426837 0.0917389 0.0735129 0.2034657 0.2478577 0.2361945 0.2447855 0.2180819 0.2278244 0.0320131 0.0421878 0.0416156 0.0405097 0.0416770 0.0410528 0.2118715 0.0103422 0.0311854 0.0312929 0.0294802 0.0328279 0.0294905 0.0332100 0.0332100 0.0348858 0.0348858 0.0332100 0.0348858 0.3494154 0.0407008 0.0487334 0.0487334 0.0409398 0.0466058 0.0407008 0.0407796 0.0469028 0.0394612 0.4578694 0.4346241 0.4341235 0.0436219 0.0277199 0.0162772 0.0147958 0.0152096 0.0227642 0.0247353 0.0255036 0.0102641 0.0286545 0.1685347 0.1651176 0.1666833 0.0383039 0.0363137 0.0363137 0.7005819 0.0331038 0.0836645 0.0819276 0.0984594 0.0797711 0.0869473 0.0819276 0.0914605 0.0838717 0.0829195 0.0888149 0.0829195 0.0518917 0.1627521 0.1506191 0.1700145 0.1603324 0.0302944 0.0302944 0.0302944 0.0770401 0.0755929 0.0826760 0.0760398 0.0744738 0.0908643 0.0251298 0.0230646 0.0246750 0.1639721 0.1569382 0.1529404 0.1610724 0.0563474 0.0528651 0.0521724 0.0310748 0.0266353 0.0217431 0.1780215 0.1715779 0.1323025 0.1247678 0.1249887 0.0598228 0.0598228 0.0382935 0.0384672 0.0572089 0.0592374 0.0592374 0.0641483 0.6308523 0.6006393 
KU248127.1_Amanita_albocreata_voucher_RET_054-8_18S_ribosomal_RNA_gene                                   0.0000010 0.0014513 0.0014513 0.0000000 0.0474255 0.0474255 0.0470463 0.0660792 0.0233204 0.0200855 0.0207219 0.0340388 0.0357496 0.0381070 0.0440161 0.0800873 0.0429187 0.0431736 0.0414165 0.0414165 0.0433488 0.0414105 0.0414105 0.0474887 0.0435732 0.0435732 0.0434871 0.0433390 0.0931375 0.0746671 0.2042717 0.2468237 0.2353091 0.2438466 0.2129989 0.2249346 0.0341159 0.0423626 0.0435253 0.0423626 0.0435899 0.0429335 0.2132941 0.0121158 0.0333935 0.0335108 0.0316439 0.0350741 0.0316554 0.0336618 0.0336618 0.0353610 0.0353610 0.0336618 0.0353610 0.3405338 0.0413222 0.0494943 0.0494943 0.0415685 0.0473281 0.0413222 0.0414035 0.0456622 0.0400449 0.4700961 0.4459589 0.4400867 0.0411991 0.0313340 0.0179460 0.0165318 0.0167665 0.0211109 0.0231006 0.0276469 0.0102641 0.0305152 0.1690015 0.1648643 0.1670727 0.0388793 0.0368552 0.0368552 0.6877222 0.0371107 0.0849692 0.0840392 0.0988205 0.0820235 0.0892076 0.0842015 0.0940013 0.0862623 0.0842015 0.0902895 0.0842015 0.0519901 0.1662602 0.1537493 0.1735691 0.1637730 0.0307091 0.0307091 0.0307091 0.0781929 0.0767275 0.0829407 0.0784341 0.0768656 0.0911831 0.0269598 0.0250416 0.0250010 0.1673543 0.1602255 0.1561684 0.1645238 0.0584548 0.0529134 0.0523929 0.0333824 0.0266542 0.0234219 0.1777583 0.1746625 0.1351895 0.1296708 0.1299053 0.0607940 0.0607940 0.0403659 0.0405508 0.0593037 0.0613470 0.0613470 0.0663151 0.6234641 0.5934578 
KR152656.1_Amanita_alpinicola_voucher_CLC2355__MONT__18S_ribosomal_RNA_gene                              0.0474255 0.0454014 0.0454014 0.0474255 0.0000000 0.0000010 0.0065041 0.0626868 0.0501180 0.0479069 0.0472233 0.0254406 0.0246031 0.0455558 0.0449161 0.0828153 0.0437752 0.0254499 0.0220329 0.0220329 0.0238004 0.0220302 0.0220302 0.0274590 0.0239198 0.0239198 0.0238749 0.0237953 0.0804859 0.0909255 0.1851885 0.2793541 0.2674610 0.2735670 0.1964704 0.2001885 0.0202380 0.0321934 0.0329366 0.0321934 0.0323099 0.0326460 0.2204045 0.0313897 0.0597727 0.0600086 0.0595405 0.0617551 0.0576743 0.0161919 0.0161919 0.0145323 0.0145099 0.0161668 0.0178349 0.3677630 0.0201524 0.0274107 0.0274107 0.0219645 0.0255203 0.0201524 0.0201898 0.0292259 0.0199525 0.5120685 0.4786514 0.4775772 0.0363875 0.0673575 0.0426755 0.0412592 0.0419270 0.0332054 0.0352950 0.0492973 0.0209772 0.0506169 0.1719952 0.1740982 0.1758911 0.0238856 0.0220274 0.0220274 0.6192743 0.0524685 0.0698675 0.0698675 0.0985464 0.0700002 0.0725723 0.0698675 0.0719016 0.0702227 0.0698675 0.0699863 0.0698675 0.0365711 0.1693131 0.1669138 0.1693131 0.1674936 0.0181451 0.0181451 0.0181451 0.0754908 0.0733137 0.0869592 0.0751842 0.0710176 0.0979165 0.0532124 0.0515744 0.0514803 0.1458738 0.1388575 0.1349087 0.1333830 0.0636253 0.0608500 0.0608500 0.0598771 0.0535204 0.0516739 0.1859139 0.1824179 0.1189621 0.1174992 0.1177202 0.0472859 0.0472859 0.0267454 0.0268619 0.0607304 0.0587227 0.0628276 0.0697454 0.5711275 0.5506112 
KR152655.1_Amanita_alpinicola_voucher_CLC2376__MONT__18S_ribosomal_RNA_gene                              0.0491558 0.0471234 0.0471234 0.0474255 0.0000010 0.0000000 0.0065041 0.0626868 0.0501180 0.0479069 0.0468769 0.0254406 0.0246031 0.0452211 0.0449161 0.0828153 0.0437752 0.0252674 0.0218749 0.0218749 0.0236293 0.0218723 0.0218723 0.0272600 0.0237470 0.0237470 0.0237028 0.0236243 0.0798738 0.0902136 0.1851885 0.2786289 0.2668337 0.2729115 0.1947339 0.2001885 0.0202380 0.0320225 0.0329366 0.0321934 0.0323099 0.0326460 0.2204045 0.0313897 0.0615409 0.0617833 0.0613040 0.0635256 0.0594371 0.0160807 0.0160807 0.0144328 0.0144106 0.0160560 0.0177123 0.3677630 0.0200091 0.0272124 0.0272124 0.0218074 0.0253368 0.0200091 0.0200460 0.0290137 0.0198120 0.5055645 0.4727251 0.4777337 0.0363875 0.0673575 0.0426755 0.0429598 0.0419270 0.0329314 0.0350034 0.0510930 0.0209772 0.0506169 0.1719952 0.1740982 0.1758911 0.0237133 0.0218695 0.0218695 0.6192743 0.0524685 0.0693316 0.0698675 0.0985464 0.0700002 0.0725723 0.0698675 0.0719016 0.0702227 0.0693316 0.0694486 0.0693316 0.0365711 0.1693131 0.1669138 0.1693131 0.1674936 0.0180182 0.0180182 0.0180182 0.0749136 0.0727552 0.0869592 0.0751842 0.0710176 0.0979165 0.0532124 0.0533225 0.0510976 0.1458738 0.1388575 0.1349087 0.1333830 0.0636253 0.0607318 0.0605119 0.0598771 0.0534166 0.0516739 0.1859139 0.1844225 0.1189621 0.1193691 0.1195931 0.0469254 0.0469254 0.0267454 0.0268619 0.0607304 0.0587227 0.0628276 0.0697454 0.5711275 0.5506112 
MW579510.1_Amanita_alpinicola_voucher_RET_128-6_18S_ribosomal_RNA_gene                                   0.0470463 0.0450415 0.0450415 0.0470463 0.0065041 0.0065041 0.0000000 0.0631211 0.0527200 0.0484177 0.0498567 0.0269405 0.0265436 0.0470529 0.0478108 0.0910321 0.0465726 0.0264341 0.0247950 0.0247950 0.0266500 0.0247918 0.0247918 0.0305022 0.0267893 0.0267893 0.0267369 0.0266440 0.0828860 0.0940608 0.1899597 0.2838133 0.2627990 0.2727508 0.2042688 0.2106951 0.0204817 0.0319881 0.0319881 0.0319881 0.0321987 0.0319881 0.2166811 0.0337916 0.0610928 0.0610928 0.0608589 0.0630622 0.0590062 0.0175744 0.0175744 0.0192268 0.0191636 0.0175167 0.0208072 0.3520672 0.0228054 0.0304463 0.0304463 0.0210053 0.0284499 0.0228054 0.0228496 0.0285146 0.0221141 0.4866712 0.4672753 0.4609272 0.0392424 0.0594664 0.0425629 0.0407847 0.0407847 0.0347595 0.0370058 0.0506165 0.0211566 0.0505274 0.1589116 0.1626219 0.1623600 0.0324255 0.0304058 0.0304058 0.6127593 0.0553589 0.0729807 0.0729807 0.1066109 0.0731192 0.0736561 0.0729807 0.0752831 0.0712426 0.0729807 0.0767006 0.0729807 0.0390681 0.1675448 0.1585483 0.1752988 0.1653680 0.0196584 0.0196584 0.0196584 0.0724251 0.0702967 0.0836067 0.0724392 0.0685890 0.0939272 0.0546385 0.0529401 0.0528439 0.1356972 0.1292056 0.1255664 0.1289562 0.0638114 0.0599650 0.0599650 0.0631691 0.0577971 0.0520911 0.1722382 0.1722382 0.1167787 0.1158854 0.1161004 0.0493284 0.0493284 0.0270565 0.0271758 0.0610210 0.0611880 0.0631285 0.0675447 0.5898545 0.5592533 
AY436445.1_Amanita_altipes_voucher_HKAS_36609_internal_transcribed_spacer_1                              0.0660792 0.0637820 0.0637820 0.0660792 0.0626868 0.0626868 0.0631211 0.0000000 0.0669176 0.0663697 0.0663697 0.0476745 0.0476745 0.0646970 0.0631143 0.0912347 0.0646970 0.0590635 0.0573588 0.0573588 0.0596147 0.0573488 0.0573488 0.0645367 0.0599581 0.0599581 0.0598237 0.0595993 0.1076202 0.0959633 0.2045092 0.2653580 0.2940289 0.2940289 0.2406086 0.2341912 0.0553136 0.0587471 0.0587471 0.0587471 0.0587471 0.0587471 0.2172390 0.0619897 0.0769446 0.0772924 0.0741851 0.0792800 0.0744461 0.0536499 0.0536499 0.0558257 0.0555994 0.0534331 0.0576314 0.3513400 0.0552466 0.0648905 0.0648905 0.0577052 0.0600174 0.0552466 0.0553700 0.0673035 0.0553700 0.6065762 0.5688292 0.5738656 0.0677508 0.0801699 0.0678694 0.0678694 0.0678694 0.0606160 0.0632323 0.0703982 0.0515346 0.0707116 0.1672939 0.1951587 0.1948287 0.0612942 0.0587898 0.0587898 0.6492309 0.0772276 0.0748205 0.0746522 0.0777235 0.0748205 0.0746522 0.0748205 0.0771795 0.0725411 0.0748205 0.0749645 0.0748205 0.0669341 0.1524516 0.1576938 0.1524516 0.1507500 0.0500580 0.0500580 0.0500580 0.0946717 0.0973188 0.1019287 0.0796298 0.0905276 0.1035646 0.0672781 0.0674204 0.0672781 0.1759336 0.1796148 0.1778807 0.1765418 0.0617554 0.0617554 0.0617554 0.0626692 0.0671275 0.0707303 0.2075928 0.2075928 0.1393904 0.1393904 0.1396981 0.0764726 0.0764726 0.0516446 0.0537300 0.0694210 0.0696237 0.0717060 0.0794890 0.6497525 0.6238126 
MT406075.1_Amanita_sp.__ameripanthera__voucher_RET_423-9_internal_transcribed_spacer_1                   0.0233204 0.0213940 0.0213940 0.0233204 0.0501180 0.0501180 0.0527200 0.0669176 0.0000000 0.0000010 0.0000010 0.0378551 0.0355648 0.0412271 0.0399971 0.0591006 0.0399971 0.0487501 0.0448450 0.0448450 0.0469504 0.0448379 0.0448379 0.0495318 0.0452727 0.0452727 0.0451747 0.0469389 0.1089973 0.0742865 0.2023803 0.2598064 0.2739260 0.2739260 0.2428765 0.2366702 0.0377807 0.0435406 0.0433775 0.0435406 0.0435406 0.0435406 0.1950479 0.0090102 0.0393363 0.0394979 0.0391626 0.0413344 0.0372595 0.0394756 0.0394756 0.0414880 0.0414880 0.0394756 0.0414880 0.4128259 0.0447356 0.0536756 0.0536756 0.0470004 0.0491595 0.0447356 0.0448308 0.0537461 0.0448308 0.5939870 0.5609610 0.5600324 0.0511942 0.0248234 0.0157867 0.0157867 0.0157867 0.0252876 0.0275511 0.0325503 0.0162387 0.0316365 0.1915421 0.2078023 0.2074687 0.0422490 0.0400262 0.0400262 0.7089995 0.0367096 0.0960286 0.0960286 0.0991758 0.0933791 0.0960286 0.0960286 0.0985007 0.0936407 0.0960286 0.0962182 0.0960286 0.0520904 0.1729179 0.1703652 0.1729179 0.1710188 0.0380788 0.0380788 0.0380788 0.0905012 0.0908148 0.0923690 0.0877668 0.0843529 0.0978046 0.0292359 0.0292911 0.0292359 0.1830395 0.1756791 0.1718614 0.1718614 0.0661557 0.0661557 0.0661557 0.0329982 0.0311734 0.0068630 0.2244974 0.2244974 0.1584454 0.1584454 0.1587917 0.0663738 0.0663738 0.0415405 0.0413597 0.0603365 0.0583566 0.0624880 0.0695874 0.6674012 0.6418622 
MT406074.1_Amanita_sp.__ameripanthera__voucher_RET_274-9_18S_ribosomal_RNA_gene                          0.0200855 0.0184418 0.0184418 0.0200855 0.0479069 0.0479069 0.0484177 0.0663697 0.0000010 0.0000000 0.0000010 0.0359292 0.0373022 0.0353033 0.0400758 0.0594631 0.0390784 0.0472199 0.0435828 0.0435828 0.0455395 0.0435764 0.0435764 0.0479259 0.0439708 0.0439708 0.0438831 0.0455291 0.0942197 0.0670825 0.2080113 0.2605425 0.2472100 0.2563319 0.2222518 0.2306633 0.0361797 0.0373539 0.0378612 0.0373539 0.0382985 0.0373539 0.2130789 0.0086623 0.0336839 0.0338031 0.0335529 0.0353806 0.0319286 0.0356147 0.0356147 0.0373368 0.0373368 0.0356147 0.0373368 0.3643062 0.0434834 0.0517749 0.0517749 0.0455842 0.0495731 0.0434834 0.0435696 0.0518365 0.0421276 0.4623962 0.4381557 0.4322153 0.0511942 0.0204150 0.0146181 0.0136382 0.0136610 0.0234314 0.0255174 0.0277348 0.0156319 0.0285364 0.1816964 0.1771767 0.1773283 0.0411790 0.0391129 0.0391129 0.6960236 0.0351951 0.0858840 0.0850985 0.0991758 0.0828909 0.0890218 0.0850985 0.0936111 0.0859066 0.0850985 0.0913305 0.0850985 0.0560175 0.1650211 0.1526664 0.1726693 0.1629045 0.0343709 0.0343709 0.0343709 0.0787141 0.0789467 0.0923690 0.0801977 0.0780880 0.0978046 0.0267247 0.0251581 0.0251171 0.1659361 0.1588748 0.1548582 0.1630880 0.0619135 0.0569156 0.0563486 0.0330686 0.0285683 0.0059919 0.1914368 0.1914368 0.1379398 0.1338679 0.1341145 0.0634794 0.0634794 0.0419637 0.0421554 0.0592142 0.0573318 0.0612565 0.0679822 0.6588479 0.6340790 
MT406079.1_Amanita_sp.__ameripanthera__voucher_RET_042-3_18S_ribosomal_RNA_gene                          0.0221398 0.0204468 0.0204468 0.0207219 0.0472233 0.0468769 0.0498567 0.0663697 0.0000010 0.0000010 0.0000000 0.0371318 0.0373022 0.0362093 0.0400758 0.0594631 0.0390784 0.0455504 0.0420413 0.0420413 0.0439244 0.0420354 0.0420354 0.0462087 0.0424035 0.0424035 0.0423219 0.0439147 0.0955314 0.0614975 0.2080113 0.2605425 0.2472100 0.2563319 0.2030376 0.2306633 0.0361797 0.0383955 0.0393459 0.0385982 0.0387366 0.0391354 0.2130789 0.0086623 0.0359697 0.0362733 0.0360008 0.0463374 0.0343345 0.0360692 0.0360692 0.0378145 0.0378145 0.0360692 0.0378145 0.3953675 0.0419483 0.0499143 0.0499143 0.0439655 0.0478026 0.0419483 0.0420285 0.0499702 0.0404430 0.4730368 0.4480051 0.4475307 0.0511942 0.0225712 0.0146181 0.0155048 0.0142694 0.0222708 0.0232236 0.0299458 0.0156319 0.0295256 0.1875077 0.1869588 0.1888810 0.0397403 0.0377550 0.0377550 0.6960236 0.0351951 0.0867705 0.0882458 0.0991758 0.0859444 0.0917197 0.0882458 0.0936111 0.0892060 0.0838186 0.0852925 0.0838186 0.0560175 0.1650211 0.1620407 0.1642397 0.1629045 0.0348148 0.0348148 0.0348148 0.0797923 0.0800313 0.0923690 0.0801977 0.0780880 0.0978046 0.0267247 0.0274180 0.0243101 0.1766404 0.1689755 0.1646040 0.1630880 0.0608080 0.0581534 0.0579511 0.0330686 0.0281290 0.0062055 0.2039714 0.2010262 0.1410127 0.1397144 0.1399777 0.0611164 0.0611164 0.0419637 0.0421554 0.0592142 0.0573318 0.0612565 0.0679822 0.6588479 0.6340790 
KF561972.1_Amanita_aprica_voucher_RET_128-5_18S_ribosomal_RNA_gene                                       0.0340388 0.0322415 0.0322415 0.0340388 0.0254406 0.0254406 0.0269405 0.0476745 0.0378551 0.0359292 0.0371318 0.0000000 0.0016232 0.0423361 0.0434523 0.0753356 0.0444056 0.0205041 0.0240491 0.0240491 0.0240663 0.0205041 0.0205041 0.0259940 0.0223951 0.0224376 0.0223951 0.0222775 0.0765127 0.0803645 0.1738262 0.2843759 0.2714160 0.2816876 0.1974808 0.2085142 0.0184371 0.0285078 0.0293747 0.0283252 0.0294168 0.0286949 0.2190285 0.0236284 0.0482158 0.0483920 0.0478733 0.0500083 0.0463362 0.0137763 0.0137763 0.0153480 0.0153480 0.0137763 0.0153480 0.3064808 0.0204973 0.0278788 0.0278788 0.0222985 0.0259557 0.0204973 0.0204973 0.0278574 0.0198560 0.4520669 0.4297147 0.4230698 0.0314643 0.0442523 0.0330068 0.0302558 0.0307103 0.0358482 0.0379043 0.0402488 0.0268930 0.0438369 0.1469947 0.1513659 0.1527513 0.0220985 0.0202590 0.0202590 0.6171271 0.0455639 0.0637607 0.0631937 0.0742893 0.0633084 0.0670195 0.0631937 0.0709009 0.0642588 0.0631937 0.0676766 0.0631937 0.0369016 0.1519128 0.1417914 0.1538400 0.1444848 0.0169555 0.0169555 0.0169555 0.0636673 0.0582009 0.0568562 0.0714688 0.0597242 0.0777311 0.0419537 0.0388723 0.0388075 0.1405643 0.1394789 0.1378178 0.1453010 0.0678813 0.0615284 0.0600854 0.0473121 0.0454303 0.0396849 0.1591334 0.1581166 0.1180344 0.1133027 0.1135042 0.0460830 0.0460830 0.0050550 0.0085950 0.0780846 0.0760971 0.0782423 0.0851962 0.5992937 0.5781622 
KF561973.1_Amanita_aprica_voucher_RET_534-7_18S_ribosomal_RNA_gene                                       0.0357496 0.0337576 0.0337576 0.0357496 0.0246031 0.0246031 0.0265436 0.0476745 0.0355648 0.0373022 0.0373022 0.0016232 0.0000000 0.0457404 0.0410100 0.0668113 0.0420070 0.0195104 0.0231871 0.0231871 0.0232044 0.0195104 0.0195104 0.0251589 0.0214664 0.0215088 0.0214664 0.0213492 0.0842341 0.0818566 0.1695559 0.2875674 0.2839480 0.2860508 0.2048305 0.2085488 0.0186124 0.0297338 0.0296307 0.0297338 0.0297338 0.0297338 0.2181409 0.0238497 0.0536600 0.0538767 0.0532409 0.0556703 0.0515430 0.0136090 0.0136090 0.0153561 0.0153561 0.0136090 0.0153561 0.3488514 0.0195035 0.0271551 0.0271551 0.0213699 0.0251616 0.0195035 0.0195035 0.0271330 0.0190954 0.5485457 0.5207581 0.5185124 0.0314643 0.0456257 0.0315522 0.0315522 0.0315522 0.0379279 0.0401067 0.0448413 0.0268930 0.0458957 0.1546836 0.1717704 0.1714844 0.0211705 0.0192676 0.0192676 0.6222489 0.0460085 0.0683492 0.0683492 0.0742893 0.0684873 0.0683492 0.0683492 0.0705406 0.0662292 0.0683492 0.0686178 0.0683492 0.0345631 0.1500044 0.1515479 0.1444148 0.1429077 0.0171446 0.0171446 0.0171446 0.0675850 0.0614308 0.0568562 0.0704701 0.0579984 0.0777311 0.0430649 0.0431448 0.0430649 0.1537042 0.1499500 0.1486263 0.1469271 0.0656115 0.0656115 0.0656115 0.0470867 0.0475265 0.0410358 0.1784720 0.1784720 0.1281049 0.1281049 0.1283611 0.0460828 0.0460828 0.0033341 0.0068019 0.0753390 0.0733704 0.0754898 0.0823493 0.5992937 0.5781622 
KJ535439.1_Amanita_breckonii_voucher_NY_00066695_18S_ribosomal_RNA_gene                                  0.0396794 0.0379550 0.0379550 0.0381070 0.0455558 0.0452211 0.0470529 0.0646970 0.0412271 0.0353033 0.0362093 0.0423361 0.0457404 0.0000000 0.0000010 0.0000010 0.0000010 0.0404528 0.0407584 0.0407584 0.0426591 0.0388666 0.0388666 0.0447983 0.0409696 0.0409696 0.0408901 0.0407527 0.0960203 0.0819598 0.2197286 0.2576747 0.2447039 0.2537183 0.2044010 0.2177285 0.0406519 0.0438939 0.0454990 0.0438293 0.0455670 0.0444171 0.2183907 0.0272774 0.0436600 0.0438156 0.0418438 0.0453931 0.0418499 0.0348849 0.0348849 0.0347682 0.0365141 0.0366365 0.0383309 0.3489760 0.0470671 0.0553982 0.0553982 0.0491837 0.0531812 0.0470671 0.0471601 0.0574721 0.0456044 0.4336727 0.4116678 0.4110957 0.0598854 0.0390761 0.0303297 0.0294117 0.0282779 0.0291525 0.0313550 0.0381123 0.0211836 0.0397807 0.1787348 0.1716539 0.1732916 0.0443346 0.0422691 0.0422691 0.6773294 0.0415609 0.0866840 0.0863796 0.1132556 0.0843519 0.0917108 0.0865470 0.0965990 0.0887251 0.0859027 0.0920886 0.0859027 0.0612024 0.1713101 0.1560459 0.1786190 0.1687475 0.0336618 0.0336618 0.0336618 0.0786057 0.0791027 0.1017962 0.0873799 0.0813489 0.1083041 0.0379263 0.0367609 0.0348808 0.1715074 0.1667245 0.1623666 0.1715186 0.0661406 0.0599377 0.0583732 0.0425472 0.0374214 0.0373246 0.1793815 0.1800875 0.1374199 0.1335876 0.1338285 0.0668906 0.0668906 0.0466899 0.0469093 0.0639057 0.0640776 0.0659881 0.0727735 0.5616072 0.5413103 
KR919757.1_Amanita_breckonii_voucher_RET_174-8a_internal_transcribed_spacer_1                            0.0440161 0.0419195 0.0419195 0.0440161 0.0449161 0.0449161 0.0478108 0.0631143 0.0399971 0.0400758 0.0400758 0.0434523 0.0410100 0.0000010 0.0000000 0.0000010 0.0000010 0.0390093 0.0393366 0.0393366 0.0414426 0.0372419 0.0372419 0.0438098 0.0395634 0.0395634 0.0394781 0.0393304 0.1126757 0.0903069 0.2028299 0.2511867 0.2655705 0.2655705 0.2139706 0.2079652 0.0425663 0.0471706 0.0469877 0.0471706 0.0471706 0.0471706 0.1956742 0.0284845 0.0489273 0.0491368 0.0467063 0.0510404 0.0467120 0.0366202 0.0366202 0.0364734 0.0386036 0.0387597 0.0408287 0.3831617 0.0463234 0.0555975 0.0555975 0.0486749 0.0509122 0.0463234 0.0464252 0.0579129 0.0464252 0.5960610 0.5631174 0.5622018 0.0598854 0.0454776 0.0315763 0.0315763 0.0315763 0.0322895 0.0347573 0.0423394 0.0220184 0.0431106 0.1812747 0.1989463 0.1986107 0.0433052 0.0410210 0.0410210 0.6800421 0.0434712 0.0937516 0.0935331 0.1132556 0.0937516 0.0935331 0.0937516 0.0962603 0.0913290 0.0937516 0.0939399 0.0937516 0.0537712 0.1711711 0.1686314 0.1707840 0.1688849 0.0351532 0.0351532 0.0351532 0.0883682 0.0890552 0.1017962 0.0902081 0.0824453 0.1083041 0.0404514 0.0405320 0.0404514 0.1873375 0.1797018 0.1757418 0.1757418 0.0679816 0.0679816 0.0679816 0.0425472 0.0404322 0.0421293 0.2058274 0.2058274 0.1530370 0.1530370 0.1533750 0.0684692 0.0684692 0.0430331 0.0428399 0.0645398 0.0647259 0.0667756 0.0740726 0.5545058 0.5334649 
KR919756.1_Amanita_breckonii_voucher_RET_174-7_internal_transcribed_spacer_1_and_5.8S_ribosomal_RNA_gene 0.0800873 0.0729647 0.0729647 0.0800873 0.0828153 0.0828153 0.0910321 0.0912347 0.0591006 0.0594631 0.0594631 0.0753356 0.0668113 0.0000010 0.0000010 0.0000000 0.0000010 0.0777989 0.0789394 0.0789394 0.0863488 0.0788923 0.0788923 0.0862956 0.0788923 0.0788923 0.0783419 0.0788923 0.2189583 0.1787426 0.2131586 0.4304555 0.4260865 0.4260865 0.2955512 0.2975132 0.0738998 0.0829506 0.0819244 0.0829506 0.0829506 0.0829506 0.1662432 0.0488456 0.0877460 0.0877460 0.0876784 0.0877460 0.0801743 0.0552881 0.0552881 0.0546291 0.0546291 0.0552881 0.0552881 0.6825556 0.0855956 0.1195358 0.1195358 0.0941986 0.1020653 0.0855956 0.0862006 0.1287568 0.0862006 1.0682364 1.1398343 1.0679951 0.1110153 0.0576289 0.0576289 0.0576289 0.0576289 0.0715960 0.0629160 0.0981841 0.0728418 0.0965252 0.4135309 0.4009839 0.3996071 0.0675012 0.0675012 0.0675012 1.7850009 0.0929427 0.1668167 0.1655689 0.2351212 0.1668167 0.1655689 0.1668167 0.1756039 0.1668167 0.1668167 0.1668167 0.1668167 0.0939443 0.2902200 0.2902200 0.2880594 0.2880594 0.0627987 0.0627987 0.0627987 0.1433362 0.1367954 0.1653369 0.1621735 0.1367954 0.2266537 0.0875647 0.0881327 0.0875647 0.2177449 0.2177449 0.2177449 0.2177449 0.1282762 0.1282762 0.1282762 0.0875178 0.0875178 0.0530425 0.4238608 0.4238608 0.1634341 0.1634341 0.1634341 0.1497117 0.1497117 0.0732431 0.0732431 0.1211254 0.1222169 0.1287678 0.1481698 1.5417147 1.4108640 
KR919758.1_Amanita_breckonii_voucher_RET_174-8b_internal_transcribed_spacer_1                            0.0429187 0.0408795 0.0408795 0.0429187 0.0437752 0.0437752 0.0465726 0.0646970 0.0399971 0.0390784 0.0390784 0.0444056 0.0420070 0.0000010 0.0000010 0.0000010 0.0000000 0.0380181 0.0383290 0.0383290 0.0403780 0.0362909 0.0362909 0.0426753 0.0385447 0.0385447 0.0384637 0.0383232 0.1095467 0.0878612 0.2028299 0.2511867 0.2565010 0.2565010 0.2072491 0.2014593 0.0414445 0.0459650 0.0457913 0.0459650 0.0459650 0.0459650 0.2054264 0.0277776 0.0476822 0.0478810 0.0455228 0.0497381 0.0455287 0.0357010 0.0357010 0.0355601 0.0376332 0.0377820 0.0397959 0.3831617 0.0451132 0.0541172 0.0541172 0.0473952 0.0495693 0.0451132 0.0452098 0.0563629 0.0452098 0.5681611 0.5373827 0.5364028 0.0598854 0.0454776 0.0308096 0.0308096 0.0308096 0.0313844 0.0337755 0.0412294 0.0212351 0.0420104 0.1812747 0.1920626 0.1917407 0.0421951 0.0399766 0.0399766 0.6800421 0.0423523 0.0935640 0.0933513 0.1132556 0.0935640 0.0933513 0.0935640 0.0960099 0.0912004 0.0935640 0.0937473 0.0935640 0.0537712 0.1711711 0.1686314 0.1707840 0.1688849 0.0342585 0.0342585 0.0342585 0.0859770 0.0866278 0.1017962 0.0877135 0.0802009 0.1083041 0.0394355 0.0395120 0.0394355 0.1873375 0.1788736 0.1740353 0.1718726 0.0662177 0.0662177 0.0662177 0.0425472 0.0394169 0.0410781 0.1987173 0.1987173 0.1483816 0.1483816 0.1487008 0.0665837 0.0665837 0.0419372 0.0417534 0.0628528 0.0630294 0.0650252 0.0721049 0.5545058 0.5334649 
EU071911.1_Amanita_chrysoblema_strain_RET320-1_internal_transcribed_spacer_1                             0.0445573 0.0425233 0.0425233 0.0431736 0.0254499 0.0252674 0.0264341 0.0590635 0.0487501 0.0472199 0.0455504 0.0205041 0.0195104 0.0404528 0.0390093 0.0777989 0.0380181 0.0000000 0.0047251 0.0047251 0.0063187 0.0000010 0.0000010 0.0063656 0.0031644 0.0031644 0.0031588 0.0015661 0.0790250 0.0854195 0.1838419 0.2962437 0.2873381 0.2941697 0.1966810 0.1984995 0.0183795 0.0346805 0.0356985 0.0348706 0.0350004 0.0353747 0.2224098 0.0339057 0.0605344 0.0611040 0.0603960 0.0625400 0.0587230 0.0130038 0.0130038 0.0146713 0.0163383 0.0146623 0.0180128 0.3864279 0.0198396 0.0234679 0.0234679 0.0216204 0.0251153 0.0198396 0.0198758 0.0252278 0.0198758 0.4935078 0.4623398 0.4661794 0.0496423 0.0654054 0.0401103 0.0401454 0.0393897 0.0371594 0.0391902 0.0536097 0.0269032 0.0543249 0.1836696 0.1836621 0.1856046 0.0270670 0.0252047 0.0252047 0.6632115 0.0527745 0.0711129 0.0723409 0.0983623 0.0724832 0.0752364 0.0723409 0.0792319 0.0727900 0.0707257 0.0708471 0.0707257 0.0459714 0.1628064 0.1605465 0.1628064 0.1610248 0.0146717 0.0146717 0.0146717 0.0654519 0.0652209 0.0811777 0.0702343 0.0640361 0.0919503 0.0503555 0.0502152 0.0476580 0.1645523 0.1545672 0.1526607 0.1508727 0.0765483 0.0729187 0.0726438 0.0610053 0.0528780 0.0510707 0.1975390 0.1921527 0.1252732 0.1243466 0.1245839 0.0407594 0.0407594 0.0194327 0.0195156 0.0622298 0.0624031 0.0643801 0.0714842 0.6015077 0.5798848 
EU071913.1_Amanita_muscaria_strain_RET144-10_internal_transcribed_spacer_1                               0.0428185 0.0407924 0.0407924 0.0414165 0.0220329 0.0218749 0.0247950 0.0573588 0.0448450 0.0435828 0.0420413 0.0240491 0.0231871 0.0407584 0.0393366 0.0789394 0.0383290 0.0047251 0.0000000 0.0000010 0.0047265 0.0047251 0.0047251 0.0112359 0.0079791 0.0079932 0.0079791 0.0063181 0.0732244 0.0814198 0.1815953 0.2938371 0.2874844 0.2943284 0.1945740 0.1963046 0.0203267 0.0329213 0.0338873 0.0331018 0.0332249 0.0335801 0.2158220 0.0320526 0.0605440 0.0611138 0.0604055 0.0625500 0.0587322 0.0146977 0.0146977 0.0163777 0.0163777 0.0146977 0.0163777 0.3734138 0.0215967 0.0252662 0.0252662 0.0233535 0.0269197 0.0215967 0.0215967 0.0287754 0.0215967 0.4795236 0.4489433 0.4526710 0.0446161 0.0609199 0.0384009 0.0385094 0.0377088 0.0394149 0.0413752 0.0536180 0.0297306 0.0543337 0.1737232 0.1751818 0.1770199 0.0270463 0.0270158 0.0270158 0.6342680 0.0527831 0.0652480 0.0663713 0.0915398 0.0665011 0.0690196 0.0663713 0.0708157 0.0666219 0.0648940 0.0650050 0.0648940 0.0438663 0.1573419 0.1581373 0.1573419 0.1556227 0.0146662 0.0146662 0.0146662 0.0637305 0.0635045 0.0749933 0.0703952 0.0621968 0.0891594 0.0504658 0.0503209 0.0477568 0.1646049 0.1546159 0.1527084 0.1509193 0.0724288 0.0690011 0.0687413 0.0585438 0.0528861 0.0474189 0.1888179 0.1837981 0.1315071 0.1304144 0.1306663 0.0427460 0.0427460 0.0231849 0.0214420 0.0603674 0.0604077 0.0625150 0.0695992 0.5809367 0.5596775 
EU071910.1_Amanita_muscaria_strain_CMP0648_internal_transcribed_spacer_1                                 0.0428185 0.0407924 0.0407924 0.0414165 0.0220329 0.0218749 0.0247950 0.0573588 0.0448450 0.0435828 0.0420413 0.0240491 0.0231871 0.0407584 0.0393366 0.0789394 0.0383290 0.0047251 0.0000010 0.0000000 0.0047265 0.0047251 0.0047251 0.0112359 0.0079791 0.0079932 0.0079791 0.0063181 0.0732244 0.0814198 0.1815953 0.2938371 0.2874844 0.2943284 0.1945740 0.1963046 0.0203267 0.0329213 0.0338873 0.0331018 0.0332249 0.0335801 0.2158220 0.0320526 0.0605440 0.0611138 0.0604055 0.0625500 0.0587322 0.0146977 0.0146977 0.0163777 0.0163777 0.0146977 0.0163777 0.3734138 0.0215967 0.0252662 0.0252662 0.0233535 0.0269197 0.0215967 0.0215967 0.0287754 0.0215967 0.4795236 0.4489433 0.4526710 0.0446161 0.0609199 0.0384009 0.0385094 0.0377088 0.0394149 0.0413752 0.0536180 0.0297306 0.0543337 0.1737232 0.1751818 0.1770199 0.0270463 0.0270158 0.0270158 0.6342680 0.0527831 0.0652480 0.0663713 0.0915398 0.0665011 0.0690196 0.0663713 0.0708157 0.0666219 0.0648940 0.0650050 0.0648940 0.0438663 0.1573419 0.1581373 0.1573419 0.1556227 0.0146662 0.0146662 0.0146662 0.0637305 0.0635045 0.0749933 0.0703952 0.0621968 0.0891594 0.0504658 0.0503209 0.0477568 0.1646049 0.1546159 0.1527084 0.1509193 0.0724288 0.0690011 0.0687413 0.0585438 0.0528861 0.0474189 0.1888179 0.1837981 0.1315071 0.1304144 0.1306663 0.0427460 0.0427460 0.0231849 0.0214420 0.0603674 0.0604077 0.0625150 0.0695992 0.5809367 0.5596775 
EU071902.1_Amanita_muscaria_strain_CMP1345_internal_transcribed_spacer_1                                 0.0447364 0.0426932 0.0426932 0.0433488 0.0238004 0.0236293 0.0266500 0.0596147 0.0469504 0.0455395 0.0439244 0.0240663 0.0232044 0.0426591 0.0414426 0.0863488 0.0403780 0.0063187 0.0047265 0.0047265 0.0000000 0.0063187 0.0063187 0.0128790 0.0096032 0.0096202 0.0096032 0.0079210 0.0752841 0.0837394 0.1847443 0.3022105 0.2927189 0.2997339 0.1950235 0.1967772 0.0222939 0.0347587 0.0357814 0.0349498 0.0350801 0.0354561 0.2264778 0.0340502 0.0625644 0.0631547 0.0624232 0.0645815 0.0607493 0.0164069 0.0164069 0.0180996 0.0180996 0.0164069 0.0180996 0.3735637 0.0233269 0.0270305 0.0270305 0.0250959 0.0286870 0.0233269 0.0233269 0.0305592 0.0233269 0.4957987 0.4644355 0.4683042 0.0495701 0.0661007 0.0403564 0.0403810 0.0396270 0.0415291 0.0434949 0.0556354 0.0325880 0.0564561 0.1773206 0.1782521 0.1801311 0.0289192 0.0270346 0.0270346 0.6519422 0.0549194 0.0716254 0.0728711 0.0996828 0.0730152 0.0758092 0.0728711 0.0776038 0.0733412 0.0712327 0.0713559 0.0712327 0.0459148 0.1637620 0.1614606 0.1637620 0.1619582 0.0146764 0.0146764 0.0146764 0.0657501 0.0655171 0.0817884 0.0725854 0.0643477 0.0967977 0.0524993 0.0522753 0.0496738 0.1710137 0.1608244 0.1588405 0.1569651 0.0747848 0.0712292 0.0709599 0.0635138 0.0548768 0.0493952 0.1919996 0.1868376 0.1312799 0.1301936 0.1304449 0.0464988 0.0464988 0.0232022 0.0233028 0.0625197 0.0625615 0.0646809 0.0718233 0.5912124 0.5696981 
EU071893.1_Amanita_muscaria_strain_RET383-3_internal_transcribed_spacer_1                                0.0428124 0.0407866 0.0407866 0.0414105 0.0220302 0.0218723 0.0247918 0.0573488 0.0448379 0.0435764 0.0420354 0.0205041 0.0195104 0.0388666 0.0372419 0.0788923 0.0362909 0.0000010 0.0047251 0.0047251 0.0063187 0.0000000 0.0000010 0.0063656 0.0031644 0.0031699 0.0031644 0.0015661 0.0752542 0.0815718 0.1753692 0.2978958 0.2888071 0.2957056 0.1892758 0.1907739 0.0184543 0.0347465 0.0357684 0.0349374 0.0350676 0.0354434 0.2229969 0.0320480 0.0605344 0.0611040 0.0603960 0.0625400 0.0587230 0.0130476 0.0130476 0.0147208 0.0147208 0.0130476 0.0147208 0.3831325 0.0198758 0.0235113 0.0235113 0.0216204 0.0251616 0.0198758 0.0198758 0.0234922 0.0198758 0.4847631 0.4539387 0.4577106 0.0471358 0.0660734 0.0383954 0.0385041 0.0377035 0.0373194 0.0392745 0.0536097 0.0269032 0.0543249 0.1772628 0.1782025 0.1800802 0.0253651 0.0235146 0.0235146 0.6426046 0.0527745 0.0674366 0.0686028 0.0915398 0.0687376 0.0713530 0.0686028 0.0753542 0.0689286 0.0670690 0.0671842 0.0670690 0.0438592 0.1606949 0.1584870 0.1606949 0.1589305 0.0146717 0.0146717 0.0146717 0.0637203 0.0634944 0.0783492 0.0703829 0.0621863 0.0891594 0.0504579 0.0503134 0.0477498 0.1649670 0.1549510 0.1530363 0.1512398 0.0725696 0.0691292 0.0688685 0.0610053 0.0528780 0.0474118 0.1919438 0.1867859 0.1236473 0.1227567 0.1229920 0.0408385 0.0408385 0.0195086 0.0195921 0.0624938 0.0625356 0.0646539 0.0717925 0.5887467 0.5673290 
EU071896.1_Amanita_muscaria_strain_RET124-2_internal_transcribed_spacer_1                                0.0428124 0.0407866 0.0407866 0.0414105 0.0220302 0.0218723 0.0247918 0.0573488 0.0448379 0.0435764 0.0420354 0.0205041 0.0195104 0.0388666 0.0372419 0.0788923 0.0362909 0.0000010 0.0047251 0.0047251 0.0063187 0.0000010 0.0000000 0.0063656 0.0031644 0.0031699 0.0031644 0.0015661 0.0752542 0.0815718 0.1753692 0.2978958 0.2888071 0.2957056 0.1892758 0.1907739 0.0184543 0.0347465 0.0357684 0.0349374 0.0350676 0.0354434 0.2229969 0.0320480 0.0605344 0.0611040 0.0603960 0.0625400 0.0587230 0.0130476 0.0130476 0.0147208 0.0147208 0.0130476 0.0147208 0.3831325 0.0198758 0.0235113 0.0235113 0.0216204 0.0251616 0.0198758 0.0198758 0.0234922 0.0198758 0.4847631 0.4539387 0.4577106 0.0471358 0.0660734 0.0383954 0.0385041 0.0377035 0.0373194 0.0392745 0.0536097 0.0269032 0.0543249 0.1772628 0.1782025 0.1800802 0.0253651 0.0235146 0.0235146 0.6426046 0.0527745 0.0674366 0.0686028 0.0915398 0.0687376 0.0713530 0.0686028 0.0753542 0.0689286 0.0670690 0.0671842 0.0670690 0.0438592 0.1606949 0.1584870 0.1606949 0.1589305 0.0146717 0.0146717 0.0146717 0.0637203 0.0634944 0.0783492 0.0703829 0.0621863 0.0891594 0.0504579 0.0503134 0.0477498 0.1649670 0.1549510 0.1530363 0.1512398 0.0725696 0.0691292 0.0688685 0.0610053 0.0528780 0.0474118 0.1919438 0.1867859 0.1236473 0.1227567 0.1229920 0.0408385 0.0408385 0.0195086 0.0195921 0.0624938 0.0625356 0.0646539 0.0717925 0.5887467 0.5673290 
EU071899.1_Amanita_muscaria_strain_RET271-2_internal_transcribed_spacer_1                                0.0488505 0.0467617 0.0467617 0.0474887 0.0274590 0.0272600 0.0305022 0.0645367 0.0495318 0.0479259 0.0462087 0.0259940 0.0251589 0.0447983 0.0438098 0.0862956 0.0426753 0.0063656 0.0112359 0.0112359 0.0128790 0.0063656 0.0063656 0.0000000 0.0031415 0.0031470 0.0031415 0.0079798 0.0819207 0.0885282 0.1858353 0.3171883 0.3062671 0.3136976 0.1988777 0.2008091 0.0243656 0.0405280 0.0417356 0.0407534 0.0409074 0.0413514 0.2346381 0.0382905 0.0669756 0.0676136 0.0668286 0.0690252 0.0651462 0.0181897 0.0181897 0.0199005 0.0199005 0.0181897 0.0199005 0.4010859 0.0251905 0.0289480 0.0289480 0.0269808 0.0306152 0.0251905 0.0251905 0.0289267 0.0251905 0.5045531 0.4726499 0.4766099 0.0552257 0.0766722 0.0445340 0.0443772 0.0437208 0.0439124 0.0458950 0.0600110 0.0357609 0.0610681 0.1895182 0.1886338 0.1906586 0.0308643 0.0289526 0.0289526 0.6688668 0.0595560 0.0741355 0.0754347 0.1048289 0.0755853 0.0785000 0.0754347 0.0825562 0.0759947 0.0737259 0.0738545 0.0737259 0.0506381 0.1708309 0.1683059 0.1708309 0.1689309 0.0198334 0.0198334 0.0198334 0.0701731 0.0699239 0.0894389 0.0772743 0.0690553 0.1016018 0.0568994 0.0565009 0.0538070 0.1750922 0.1632568 0.1627156 0.1607808 0.0796506 0.0758265 0.0755372 0.0689874 0.0591925 0.0518334 0.2027980 0.1971339 0.1320092 0.1309003 0.1311539 0.0468279 0.0468279 0.0251980 0.0253085 0.0694125 0.0694594 0.0716261 0.0789845 0.6056997 0.5839077 
EU071901.1_Amanita_muscaria_strain_RET289-3_internal_transcribed_spacer_1                                0.0449652 0.0429110 0.0429110 0.0435732 0.0239198 0.0237470 0.0267893 0.0599581 0.0452727 0.0439708 0.0424035 0.0223951 0.0214664 0.0409696 0.0395634 0.0788923 0.0385447 0.0031644 0.0079791 0.0079791 0.0096032 0.0031644 0.0031644 0.0031415 0.0000000 0.0000010 0.0000010 0.0047601 0.0777257 0.0841673 0.1795289 0.3039395 0.2942649 0.3013418 0.1931176 0.1947909 0.0204820 0.0367839 0.0378741 0.0369874 0.0371264 0.0375273 0.2277127 0.0342376 0.0628840 0.0634800 0.0627419 0.0649112 0.0610609 0.0147957 0.0147957 0.0164870 0.0164870 0.0147957 0.0164870 0.3907330 0.0217047 0.0253937 0.0253937 0.0234705 0.0270550 0.0217047 0.0217047 0.0253737 0.0217047 0.4933562 0.4620035 0.4658640 0.0500320 0.0660734 0.0405697 0.0405853 0.0398329 0.0396500 0.0416212 0.0559252 0.0299766 0.0567649 0.1821322 0.1823537 0.1842932 0.0272749 0.0253974 0.0253974 0.6507707 0.0552231 0.0698989 0.0711170 0.0965206 0.0712581 0.0739905 0.0711170 0.0780234 0.0715295 0.0695150 0.0696354 0.0695150 0.0462780 0.1646934 0.1623566 0.1646934 0.1628722 0.0164317 0.0164317 0.0164317 0.0660827 0.0658476 0.0824579 0.0729757 0.0646959 0.0938141 0.0527777 0.0525419 0.0499241 0.1689703 0.1573579 0.1568399 0.1549856 0.0751864 0.0715957 0.0713238 0.0639143 0.0551595 0.0478392 0.1962888 0.1909202 0.1268763 0.1259000 0.1261429 0.0429679 0.0429679 0.0214644 0.0215574 0.0650218 0.0650656 0.0672078 0.0744479 0.5890640 0.5676342 
EU071916.1_Amanita_muscaria_strain_RET158-7_internal_transcribed_spacer_1                                0.0449652 0.0429110 0.0429110 0.0435732 0.0239198 0.0237470 0.0267893 0.0599581 0.0452727 0.0439708 0.0424035 0.0224376 0.0215088 0.0409696 0.0395634 0.0788923 0.0385447 0.0031644 0.0079932 0.0079932 0.0096202 0.0031699 0.0031699 0.0031470 0.0000010 0.0000000 0.0000010 0.0047685 0.0778813 0.0841673 0.1799926 0.3039395 0.2942649 0.3013418 0.1904166 0.1919709 0.0204820 0.0367839 0.0378741 0.0369874 0.0371264 0.0375273 0.2283192 0.0342376 0.0630100 0.0636084 0.0628675 0.0650415 0.0611834 0.0147957 0.0147957 0.0164870 0.0164870 0.0147957 0.0164870 0.3907330 0.0217047 0.0253937 0.0253937 0.0235138 0.0270550 0.0217047 0.0217446 0.0271272 0.0217446 0.4923478 0.4610878 0.4649346 0.0501620 0.0660734 0.0405697 0.0405853 0.0398329 0.0396500 0.0416212 0.0560385 0.0299766 0.0568857 0.1826807 0.1828209 0.1847704 0.0272749 0.0253974 0.0253974 0.6617303 0.0553418 0.0698989 0.0711170 0.0961532 0.0712581 0.0739905 0.0711170 0.0780234 0.0715295 0.0695150 0.0696354 0.0695150 0.0463797 0.1646934 0.1623566 0.1646934 0.1628722 0.0164615 0.0164615 0.0164615 0.0662143 0.0659783 0.0827305 0.0731316 0.0648336 0.0938141 0.0527777 0.0525419 0.0499241 0.1694000 0.1577499 0.1572293 0.1553662 0.0751864 0.0715957 0.0713238 0.0640726 0.0552699 0.0478392 0.1968003 0.1913987 0.1268763 0.1259000 0.1261429 0.0430521 0.0430521 0.0214644 0.0215574 0.0650218 0.0650656 0.0672078 0.0744479 0.5972683 0.5756653 
